
pga <- 0.5
qga <- 1- pga

pgb <- 0.5
qga <- 1-pgb

a.1 <- (pga*qgb)^3
a.2 <- 3*pga^3





ps<-



a.5 <- 60 * (pga)^3 * qg1^2 * pg2^2 * qg2^3 +
  40 * pga^2 * qg1^3 * pg2 * qg2^4 +
  20 * pga^4 * qg1 * pg2^3 * qg2^2 +
  5 * pga * qg1^4 * qg2^5 +
  pga^5 * pg2^4 * qg2